37
41
59
60
82
83
118
120
124
166
169
174
181
188
237
241
248
275
299
332
348
362
376
387
427
475
483
497
503
513
550
600
630
665
696
725
775
790
805
828
855
880
900
950
967
995
1007
1065
1081
1091
1100
1156
1162
1214
1220
1242
1245
1275
1331
1393
1450
1451
1507
1522
1550
1551
1598
1611
1632
1648
1684
1696
1711
1726
1748
1761
1762
1767
1772
1798
1801
1823
1835
1891
1901
1934
1935
1954
1973
1982
1985
1991
2001
2004
2014
2039
2108
2110
2163
2169
2183
2184
2201
2219
2307
2313
2325
2334
2338
2350
2429
2441
2460
2473
2484
2513
2523
2528
2534
2550
2603
2620
2662
2677
2850
2901
2903
2983
3027
3044
3054
3100
3150
3163
3197
3223
3243
3244
3264
3297
3313
3357
3368
3387
3392
3422
3429
3440
3442
3453
3496
3522
3525
3534
3535
3540
3542
3545
3552
3592
3596
3602
3630
3647
3670
3671
3779
3803
3868
3870
3890
3895
3909
3928
3946
3965
3970
3971
3982
4023
4029
4056
4079
4107
4128
4146
4168
4173
4199
4206
4216
4221
4234
4253
4267
4298
4305
4322
4326
4356
4358
4366
4368
4402
4403
4431
4439
4448
4462
4537
4615
4626
4650
4677
4700
4701
4762
4768
4770
4858
4862
4882
4901
4914
4946
4968
5027
5049
5056
5094
5097
5101
5207
5210
5232
5240
5303
5307
5322
5324
5328
5354
5365
5374
5420
5435
5499
5508
5524
5599
5612
5633
5671
5697
5701
5768
5802
5858
5903
5914
5922
5929
5934
5966
6030
6038
6054
6069
6070
6089
6108
6114
6133
6154
6181
6200
6205
6338
6394
6447
6474
6487
6489
6528
6594
6629
6662
6669
6714
6736
6770
6774
6784
6824
6841
6845
6859
6867
6881
6884
6898
6906
6992
7045
7051
7064
7068
7070
7079
7080
7084
7085
7091
7104
7192
7193
7204
7211
7260
7275
7292
7295
7341
7343
7374
7380
7428
7606
7636
7640
7667
7733
7736
7740
7741
7766
7780
7791
7811
7816
7819
7858
7875
7886
7893
7909
7922
7941
7943
7962
7964
7979
8001
8007
8017
8050
8055
8058
8113
8158
8245
8256
8290
8292
8302
8304
8327
8328
8336
8373
8398
8404
8412
8433
8442
8469
8485
8506
8597
8611
8622
8645
8652
8678
8694
8712
8713
8716
8730
8732
8737
8772
8788
8799
8806
8854
8862
8863
8879
8880
8896
8933
8956
8958
8961
8964
9075
9169
9230
9252
9290
9301
9311
9312
9355
9400
9402
9513
9525
9536
9541
9576
9591
9670
9681
9683
9684
9707
9716
9743
9764
9828
9887
9892
9936
9960
9966
10055
10093
10099
10112
10137
10175
10180
10194
10200
10203
10223
10232
10321
10361
10402
10415
10481
10511
10549
10568
10582
10599
10602
10607
10614
10645
10649
10656
10657
10667
10709
10722
10730
10744
10749
10753
10798
10805
10841
10858
10870
10975
10998
10999
11017
11048
11056
11075
11104
11115
11177
11184
11196
11199
11210
11222
11225
11229
11250
11266
11283
11295
11338
11342
11347
11394
11403
11487
11522
11536
11605
11668
11717
11756
11806
11828
11845
11858
11868
11919
11928
11932
11936
11952
12012
12076
12077
12091
12095
12138
12141
12178
12179
12191
12192
12204
12216
12229
12265
12266
12291
12309
12363
12395
12401
12410
12530
12566
12581
12653
12673
12711
12717
12788
12868
12893
12894
12949
12975
12976
12979
12996
13016
13056
13093
13111
13152
13189
13192
13241
13259
13339
13391
13428
13473
13540
13547
13549
13566
13568
13605
13666
13683
13690
13706
13719
13734
13762
13769
13796
13812
13956
13961
13985
14091
14103
14129
14141
14147
14158
14160
14169
14171
14182
14192
14208
14252
14287
14302
14309
14312
14327
14337
14360
14385
14387
14409
14423
14429
14470
14501
14520
14551
14557
14583
14584
14591
14635
14683
14686
14748
14760
14857
14905
15022
15072
15099
15107
15118
15183
15202
15212
15213
15230
15238
15256
15258
15272
15273
15281
15328
15334
15361
15390
15450
15466
15473
15480
15482
15496
15533
15550
15561
15565
15582
15585
15623
15632
15639
15646
15669
15697
15715
15751
15754
15772
15786
15819
15831
15854
15860
15870
15883
15886
15902
15906
15924
15928
15996
15998
16002
16014
16022
16035
16050
16070
16084
16086
16090
16100
16107
16111
16116
16160
16200
16216
16227
16253
16254
16293
16302
16315
16316
16317
16346
16349
16399
16427
16452
16458
16490
16499
16565
16581
16585
16591
16604
16609
16654
16656
16673
16674
16694
16702
16746
16771
16796
16808
16821
16824
16825
16827
16842
16867
16884
16911
16938
16971
16982
17012
17034
17039
17042
17053
17194
17223
17244
17269
17291
17305
17356
17357
17369
17424
17426
17427
17433
17442
17446
17447
17460
17464
17470
17473
17518
17576
17612
17646
17655
17709
17725
17727
17758
17761
17783
17787
17792
17824
17848
17859
17867
17893
17912
17917
17922
17929
18094
18121
18150
18182
18229
18241
18293
18319
18333
18339
18348
18352
18371
18378
18388
18456
18460
18485
18505
18539
18555
18581
18597
18602
18615
18623
18624
18625
18711
18801
18804
18805
18819
18964
19011
19026
19033
19050
19072
19083
19127
19183
19204
19255
19323
19340
19363
19366
19368
19383
19387
19415
19428
19432
19450
19486
19525
19529
19552
19657
19661
19683
19694
19713
19722
19765
19775
19785
19800
19807
19810
19873
19932
19968
19974
20009
20110
20168
20184
20191
20198
20224
20246
20286
20308
20322
20351
20355
20383
20388
20396
20401
20405
20406
20424
20434
20447
20457
20459
20483
20490
20590
20609
20611
20642
20643
20647
20701
20723
20740
20830
20848
20907
20957
20963
20976
20998
21022
21033
21085
21136
21165
21185
21197
21214
21229
21241
21299
21335
21336
21418
21426
21431
21445
21461
21464
21495
21498
21506
21569
21596
21610
21628
21683
21740
21741
21768
21819
21853
21877
21951
21953
21972
21997
21999
22002
22032
22034
22060
22096
22113
22151
22208
22213
22231
22270
22276
22320
22353
22369
22392
22399
22421
22434
22445
22450
22451
22458
22460
22477
22500
22533
22566
22591
22595
22600
22607
22635
22638
22654
22677
22684
22693
22697
22706
22742
22789
22807
22825
22846
22851
22863
22877
22905
22914
22916
22951
22975
23004
23005
23045
23069
23072
23073
23199
23210
23216
23242
23297
23327
23336
23379
23391
23435
23486
23513
23531
23538
23547
23571
23578
23596
23634
23655
23656
23688
23691
23697
23716
23736
23747
23838
23857
23864
23871
23872
23878
23905
23937
23940
24010
24025
24028
24034
24062
24138
24148
24153
24155
24182
24191
24202
24209
24217
24241
24247
24264
24269
24277
24283
24297
24304
24354
24375
24383
24384
24385
24409
24428
24433
24459
24467
24489
24510
24530
24533
24583
24598
24615
24618
24643
24695
24727
24728
24803
24820
24822
24830
24864
24885
24892
24999
25004
25006
25017
25020
25025
25034
25060
25101
25163
25171
25172
25200
25240
25253
25255
25284
25288
25307
25346
25348
25357
25385
25422
25434
25531
25546
25547
25576
25582
25591
25613
25622
25665
25695
25737
25786
25789
25851
25871
25898
25950
25958
25987
25993
26085
26087
26112
26187
26200
26304
26361
26366
26379
26384
26385
26464
26480
26483
26485
26492
26519
26584
26589
26592
26646
26649
26658
26678
26693
26711
26756
26760
26765
26782
26856
26946
27095
27099
27114
27118
27133
27136
27149
27156
27211
27246
27262
27272
27303
27307
27333
27366
27380
27405
27413
27435
27439
27468
27511
27525
27538
27593
27602
27624
27639
27652
27655
27736
27899
27900
27913
27921
27922
27970
27981
28030
28038
28063
28080
28183
28206
28207
28259
28273
28282
28316
28321
28339
28342
28364
28385
28409
28411
28414
28416
28484
28505
28519
28563
28590
28605
28616
28619
28630
28652
28655
28709
28721
28738
28771
28774
28777
28796
28803
28818
28850
28858
28862
28893
28940
28955
29000
29003
29041
29042
29049
29088
29103
29114
29167
29169
29183
29230
29254
29267
29271
29331
29366
29371
29410
29433
29455
29466
29471
29496
29508
29520
29581
29651
29662
29714
29755
29763
29811
29819
29862
29872
29894
29920
29922
29945
29953
29960
29965
29976
29984
29986
30084
30106
30124
30133
30194
30198
30212
30215
30227
30234
30264
30270
30309
30327
30366
30384
30405
30425
30427
30461
30472
30476
30477
30507
30513
30516
30544
30546
30563
30567
30576
30602
30635
30651
30656
30671
30680
30706
30711
30715
30722
30723
30781
30844
30856
30892
30900
30933
30941
30947
30961
30964
30992
31017
31019
31057
31076
31079
31084
31101
31122
31165
31194
31222
31230
31245
31246
31265
31271
31275
31279
31293
31302
31335
31338
31356
31395
31439
31455
31470
31502
31509
31513
31520
31543
31547
31596
31607
31619
31639
31664
31683
31689
31693
31708
31720
31741
31750
31767
31772
31805
31813
31819
31848
31857
31882
31896
31898
31919
31967
31986
31992
31993
31997
31998
32001
32004
32006
32028
32038
32071
32100
32103
32114
32136
32137
32140
32168
32173
32178
32180
32198
32201
32214
32215
32222
32232
32235
32237
32244
32248
32302
32320
32321
32333
32349
32400
32421
32432
32433
32437
32455
32505
32507
32509
32546
32584
32587
32595
32596
32604
32613
32630
32632
32633
32634
32688
32692
32698
32715
32797
32798
32809
32830
32855
32858
32905
32917
32925
32961
32964
32981
33019
33024
33039
33075
33084
33101
33163
33182
33208
33218
33300
33308
33313
33346
33349
33375
33378
33389
33390
33405
33427
33493
33529
33543
33555
33567
33584
33592
33610
33615
33616
33631
33642
33649
33654
33667
33679
33685
33735
33745
33754
33759
33760
33768
33787
33822
33823
33852
33877
33921
33937
33943
33965
34004
34024
34032
34069
34078
34084
34173
34193
34257
34259
34270
34281
34295
34389
34390
34446
34461
34482
34488
34489
34535
34538
34539
34564
34583
34603
34611
34713
34715
34739
34753
34796
34832
34841
34849
34852
34854
34867
34871
34885
34894
34917
34920
34929
34946
34947
34983
34992
34999
35004
35033
35036
35090
35118
35152
35153
35225
35292
35311
35323
35373
35379
35419
35421
35426
35447
35450
35455
35478
35485
35517
35522
35530
35567
35574
35584
35603
35616
35652
35692
35697
35719
35725
35729
35732
35735
35787
35791
35825
35834
35845
35858
35859
36005
36099
36102
36153
36188
36201
36204
36217
36282
36300
36307
36310
36364
36405
36414
36458
36482
36586
36588
36634
36638
36651
36654
36676
36705
36722
36725
36729
36749
36757
36768
36776
36793
36831
36860
36890
36913
36919
36920
36932
36954
36970
37010
37079
37123
37133
37162
37167
37195
37199
37208
37234
37246
37247
37248
37352
37413
37423
37424
37524
37526
37530
37563
37576
37603
37608
37609
37610
37621
37639
37714
37868
37883
37928
37948
38042
38052
38059
38096
38101
38144
38167
38170
38255
38267
38276
38296
38305
38320
38325
38360
38366
38373
38379
38393
38409
38415
38427
38437
38471
38479
38511
38519
38602
38646
38676
38681
38727
38732
38736
38744
38767
38774
38775
38806
38813
38831
38840
38863
38864
38870
38900
38913
38965
39058
39104
39123
39202
39214
39266
39314
39323
39364
39367
39388
39426
39463
39541
39551
39570
39601
39621
39746
39841
39856
39864
39894
39911
39922
39931
39948
39982
40003
40006
40018
40046
40085
40220
40317
40321
40359
40369
40374
40383
40387
40396
40397
40404
40432
40434
40448
40493
40516
40543
40550
40573
40602
40616
40630
40645
40651
40695
40721
40766
40767
40789
40793
40802
40803
40810
40811
40813
40821
40830
40848
40868
40876
40895
40914
40919
40925
40926
40942
40967
40981
40994
41063
41098
41105
41119
41153
41178
41181
41189
41223
41259
41285
41287
41294
41402
41446
41481
41489
41491
41504
41527
41591
41595
41611
41659
41661
41697
41714
41815
41851
41859
41882
41888
41914
41927
41942
41944
41953
41957
41996
42010
42037
42066
42075
42080
42170
42177
42250
42331
42370
42371
42374
42395
42427
42429
42459
42461
42544
42598
42615
42624
42668
42671
42673
42755
42772
42789
42837
42847
42852
42860
42863
42891
42902
42911
42922
42929
42945
42959
42966
42980
42991
42996
42997
43006
43009
43013
43016
43063
43073
43080
43089
43118
43138
43192
43221
43246
43256
43267
43284
43310
43330
43360
43366
43436
43449
43483
43515
43526
43552
43582
43638
43677
43694
43706
43744
43754
43784
43798
43844
43903
43906
43928
43944
43952
43985
43993
43995
43998
44006
44065
44068
44071
44085
44087
44116
44121
44128
44139
44191
44193
44199
44206
44220
44226
44243
44270
44302
44338
44367
44389
44416
44457
44463
44511
44533
44537
44541
44553
44557
44566
44612
44616
44641
44707
44736
44738
44773
44785
44799
44837
44842
44869
44872
44891
44900
44902
44920
44945
44955
44960
44982
45001
45012
45023
45067
45075
45087
45089
45095
45115
45132
45183
45200
45210
45214
45267
45270
45271
45276
45278
45280
45285
45291
45318
45353
45354
45368
45375
45394
45395
45410
45412
45460
45471
45485
45533
45541
45559
45574
45579
45600
45615
45657
45693
45703
45754
45760
45761
45811
45868
45948
45951
45960
45980
46000
46008
46010
46014
46060
46062
46064
46091
46117
46144
46146
46148
46150
46322
46327
46342
46346
46391
46399
46404
46421
46470
46485
46523
46587
46594
46636
46655
46673
46718
46728
46758
46783
46787
46794
46799
46808
46871
46972
46973
47010
47020
47027
47063
47076
47083
47094
47142
47156
47166
47169
47193
47199
47205
47214
47289
47292
47312
47376
47383
47395
47401
47433
47453
47484
47495
47501
47503
47522
47593
47645
47677
47704
47715
47728
47729
47740
47744
47748
47750
47756
47760
47761
47810
47821
47830
47834
47858
47865
47881
47885
47903
47922
47931
47960
48004
48006
48021
48051
48056
48069
48070
48085
48093
48103
48108
48121
48123
48125
48129
48190
48196
48214
48238
48241
48277
48296
48307
48310
48365
48383
48390
48403
48405
48435
48446
48477
48487
48495
48503
48528
48539
48541
48543
48554
48571
48577
48594
48600
48609
48614
48643
48709
48717
48751
48761
48764
48767
48768
48770
48771
48818
48819
48825
48836
48847
48855
48857
48867
48881
48885
48913
48919
48928
48934
48942
48978
48984
48986
49020
49021
49041
49044
49060
49065
49066
49074
49084
49110
49112
49162
49166
49172
49183
49197
49230
49248
49270
49287
49310
49318
49418
49421
49455
49457
49463
49532
49545
49551
49560
49573
49575
49583
49601
49607
49640
49645
49648
49661
49679
49694
49728
49736
49770
49784
49864
49897
49915
49963
49998
50009
50012
50035
50037
50040
50069
50121
50123
50144
50166
50203
50226
50241
50259
50264
50327
50333
50342
50344
50478
50481
50507
50510
50533
50569
50576
50594
50630
50634
50663
50693
50711
50741
50770
50817
50819
50844
50868
50876
50921
50923
50970
50975
51062
51085
51104
51106
51132
51142
51152
51164
51165
51198
51227
51234
51245
51329
51330
51334
51355
51367
51372
51385
51391
51474
51480
51530
51531
51533
51549
51556
51572
51623
51643
51702
51742
51752
51789
51797
51853
51901
51905
51906
51916
51928
51930
51946
51948
51954
51957
51970
51975
51986
51988
52007
52027
52069
52106
52140
52155
52171
52174
52182
52190
52199
52203
52224
52284
52369
52375
52401
52450
52499
52538
52608
52663
52715
52723
52729
52733
52759
52769
52791
52797
52851
52928
52947
52961
52966
52970
52984
53026
53039
53069
53115
53128
53151
53169
53173
53178
53183
53206
53230
53239
53265
53293
53320
53327
53344
53357
53358
53362
53397
53506
53512
53513
53520
53531
53539
53563
53565
53597
53625
53697
53709
53712
53739
53740
53746
53773
53786
53808
53828
53856
53866
53893
53955
53998
54040
54075
54102
54145
54154
54162
54191
54198
54223
54232
54240
54247
54266
54272
54276
54299
54304
54312
54313
54327
54370
54391
54401
54410
54423
54448
54486
54492
54525
54559
54606
54615
54667
54732
54744
54760
54803
54810
54811
54826
54832
54837
54858
54863
54871
54878
54889
54903
54937
54945
54951
54956
54962
54977
54996
55023
55034
55036
55046
55051
55074
55076
55154
55186
55190
55204
55240
55248
55279
55305
55310
55315
55325
55373
55401
55403
55408
55410
55427
55473
55498
55534
55549
55555
55621
55648
55702
55742
55748
55768
55775
55800
55826
55842
55843
55931
55939
55941
55963
55970
55977
56003
56021
56029
56061
56086
56098
56108
56127
56132
56161
56165
56167
56172
56230
56254
56273
56309
56351
56352
56367
56370
56375
56412
56414
56468
56494
56510
56518
56519
56529
56541
56547
56564
56632
56638
56642
56643
56648
56678
56683
56685
56700
56704
56710
56719
56729
56733
56748
56770
56771
56814
56819
56822
56832
56863
56866
56875
56906
56942
56963
56991
57011
57019
57038
57053
57056
57068
57089
57126
57138
57148
57150
57153
57180
57186
57210
57224
57232
57239
57260
57261
57278
57288
57300
57305
57310
57323
57324
57354
57359
57392
57443
57455
57499
57534
57543
57548
57554
57568
57592
57607
57617
57636
57700
57716
57725
57749
57786
57835
57840
57881
57888
57897
57900
58007
58009
58034
58065
58083
58084
58085
58099
58176
58177
58196
58206
58228
58229
58250
58253
58255
58310
58320
58321
58332
58339
58367
58374
58385
58432
58435
58440
58451
58454
58508
58533
58534
58542
58579
58589
58662
58694
58732
58733
58742
58746
58747
58781
58802
58833
58838
58845
58859
58867
58869
58893
58910
58932
58952
58966
58993
58994
59017
59041
59099
59125
59132
59163
59195
59241
59281
59302
59325
59332
59343
59354
59371
59383
59387
59400
59428
59431
59436
59440
59447
59449
59510
59524
59549
59566
59580
59616
59622
59637
59638
59654
59661
59672
59696
59745
59767
59788
59819
59840
59845
59888
59891
59906
59920
59924
59931
59953
59963
59968
59973
59992
60011
60040
60047
60088
60140
60169
60173
60186
60189
60197
60199
60204
60212
60219
60220
60243
60249
60266
60286
60291
60305
60345
60363
60388
60397
60423
60425
60430
60454
60468
60469
60473
60481
60490
60500
60517
60535
60541
60545
60592
60619
60639
60652
60655
60667
60676
60689
60733
60737
60753
60769
60782
60811
60834
60854
60867
60895
60922
60943
60944
60953
60955
60976
61002
61015
61027
61032
61087
61089
61092
61118
61123
61127
61134
61142
61153
61175
61198
61199
61201
61205
61221
61239
61246
61249
61263
61277
61291
61294
61296
61302
61312
61337
61342
61343
61344
61361
61370
61380
61398
61407
61412
61429
61430
61445
61447
61464
61535
61545
61552
61688
61712
61716
61718
61785
61800
61810
61837
61856
61866
61893
61894
61895
61923
61928
61955
61960
61985
61988
61995
62039
62050
62057
62062
62115
62134
62140
62158
62169
62187
62190
62202
62244
62251
62262
62270
62326
62330
62334
62388
62408
62434
62439
62445
62453
62459
62461
62468
62483
62488
62491
62530
62542
62551
62558
62576
62584
62595
62598
62604
62616
62640
62651
62670
62677
62712
62749
62764
62773
62788
62791
62824
62838
62854
62861
62867
62868
62872
62877
62878
62889
62911
62913
62920
63002
63004
63008
63018
63026
63035
63040
63064
63087
63089
63094
63112
63136
63144
63146
63159
63176
63185
63215
63239
63256
63269
63307
63311
63322
63327
63329
63339
63355
63367
63368
63378
63387
63391
63392
63399
63406
63415
63416
63439
63440
63448
63458
63467
63482
63500
63535
63540
63544
63610
63626
63627
63673
63696
63715
63745
63748
63764
63765
63796
63799
63838
63861
63863
63875
63893
63935
63972
63985
63987
63994
63997
64002
64009
64011
64012
64056
64065
64067
64076
64093
64133
64142
64150
64154
64162
64195
64198
64201
64202
64206
64212
64224
64228
64269
64272
64274
64281
64285
64300
64324
64336
64347
64356
64360
64396
64402
64423
64431
64437
64445
64452
64463
64464
64467
64471
64475
64487
64492
64497
64501
64581
64604
64640
64642
64650
64667
64698
64699
64705
64800
64801
64814
64843
64845
64849
64865
64867
64869
64874
64880
64902
64910
64918
64930
64979
64986
64994
64999
65001
65008
65011
65014
65018
65041
65069
65093
65117
65120
65168
65174
65175
65190
65192
65202
65208
65219
65227
65233
65257
65261
65265
65267
65268
65272
65326
65328
65331
65369
65377
65384
65396
65431
65432
65474
65484
65512
